Pixel  Count      Code
198    4751       00000
227    3685       000010
199    2938       000011
226    2933       000100
225    2836       000101
224    2764       000110
221    2737       0001110
222    2647       0001111
223    2636       001000
220    2624       001001
217    2611       001010
218    2605       0010110
216    2535       0010111
219    2495       001100
214    2493       001101
215    2484       001110
200    2469       0011110
213    2456       0011111
212    2417       010000
209    2393       010001
228    2351       010010
211    2330       0100110
210    2280       0100111
208    2257       010100
201    2246       0101010
207    2226       0101011
206    2193       010110
205    2164       0101110
197    2150       0101111
202    2129       011000
203    2119       0110010
204    2113       0110011
229    1844       011010
196    1773       0110110
143    1681       0110111
230    1505       0111000
195    1412       0111001
142    1349       0111010
194    1225       01110110
231    1210       01110111
193    1016       0111100
85     997        01111010
170    976        01111011
232    970        0111110
141    944        01111110
87     943        01111111
84     942        1000000
86     942        10000010
112    913        10000011
83     903        10000100
81     894        10000101
111    865        10000110
113    863        10000111
89     854        1000100
59     847        10001010
82     837        10001011
192    837        10001100
58     835        10001101
88     833        10001110
144    832        10001111
91     830        10010000
60     829        10010001
80     827        10010010
57     820        10010011
90     814        10010100
114    811        10010101
54     808        10010110
74     803        10010111
79     801        10011000
140    798        10011001
61     795        10011010
56     790        10011011
171    789        10011100
169    787        10011101
191    780        10011110
78     775        10011111
62     774        10100000
110    764        10100001
115    760        10100010
67     759        10100011
92     759        10100100
69     745        10100101
63     744        10100110
77     744        10100111
64     740        10101000
109    736        10101001
116    736        10101010
76     733        10101011
66     731        10101100
93     731        10101101
99     727        10101110
172    724        101011110
65     720        101011111
106    720        10110000
94     719        10110001
96     713        10110010
71     712        10110011
55     710        10110100
107    710        10110101
190    709        10110110
233    709        10110111
73     704        10111000
117    704        10111001
68     703        10111010
145    701        10111011
139    698        10111100
101    696        10111101
72     694        10111110
53     683        101111110
108    683        101111111
75     682        11000000
70     674        11000001
95     670        11000010
102    670        11000011
168    662        11000100
103    659        11000101
98     658        11000110
105    656        110001110
119    651        110001111
97     644        11001000
118    639        11001001
52     636        11001010
51     635        110010110
189    634        110010111
146    633        11001100
104    627        11001101
100    620        11001110
138    617        110011110
167    614        110011111
50     600        11010000
122    594        11010001
173    581        11010010
234    576        110100110
120    568        110100111
121    567        11010100
137    564        110101010
49     561        110101011
48     550        11010110
187    547        110101110
147    538        110101111
188    518        11011000
47     516        110110010
125    515        110110011
166    496        11011010
123    493        110110110
124    491        110110111
174    482        11011100
149    481        110111010
130    479        110111011
186    478        110111100
131    477        110111101
128    476        110111110
127    474        110111111
126    471        11100000
175    470        111000010
135    467        111000011
46     466        111000100
129    466        111000101
134    465        111000110
136    463        111000111
235    460        11100100
133    457        111001010
148    448        111001011
132    434        111001100
45     433        111001101
176    432        111001110
44     431        111001111
184    425        111010000
185    418        111010001
164    416        111010010
165    415        111010011
163    408        111010100
151    404        111010101
43     399        111010110
150    398        111010111
31     397        111011000
30     387        111011001
39     384        111011010
42     384        111011011
40     383        111011100
183    380        111011101
177    377        111011110
180    375        111011111
41     373        111100000
179    373        111100001
178    372        111100010
159    371        111100011
236    369        111100100
152    364        111100101
38     363        111100110
182    363        1111001110
154    362        1111001111
181    360        111101000
36     357        111101001
153    356        111101010
32     352        111101011
162    352        111101100
29     351        111101101
35     347        111101110
28     346        1111011110
34     340        1111011111
33     333        111110000
160    333        111110001
156    328        111110010
158    328        1111100110
155    325        1111100111
37     321        111110100
157    310        111110101
161    308        111110110
27     287        1111101110
26     284        1111101111
237    278        111111000
25     258        1111110010
238    230        1111110011
24     204        1111110100
23     192        1111110101
239    160        1111110110
22     158        1111110111
240    145        1111111000
21     125        11111110010
20     119        11111110011
19     105        11111110100
241    100        11111110101
242    68         11111110110
18     65         111111101110
243    64         111111101111
17     60         11111111000
244    57         111111110010
15     47         111111110011
16     47         111111110100
245    44         111111110101
247    39         111111110110
246    38         1111111101110
14     32         1111111101111
249    31         111111111000
0      27         1111111110010
11     27         1111111110011
12     26         1111111110100
13     26         1111111110101
248    25         1111111110110
9      21         1111111110111
251    21         1111111111000
10     20         1111111111001
250    17         1111111111010
255    17         11111111110110
7      16         11111111110111
252    13         11111111111000
3      12         11111111111001
5      11         11111111111010
6      11         11111111111011
253    11         11111111111100
8      10         11111111111101
4      8          111111111111100
254    8          111111111111101
1      6          111111111111110
2      5          111111111111111
